
0000  00 72 18 00 07 80 E8 00 48 00 34 00 0B 0D 06 25 
0010  24 00 0B 0A 06 25 24 00 0B 20 04 24 24 00 0B 7F 
0020  03 24 24 00 0B 3E 05 21 08 00 00 72 0B 50 A0 00 
0030  A0 00 A0 00 A0 00 A0 00 A8 00 32 00 24 00 52 00 
0040  00 24 E8 00 24 00 58 00 00 72 10 00 00 80 58 00 
0050  18 00 07 80 00 47 17 00 00 00 18 00 07 80 48 00 
0060  34 00 E8 00 48 00 0B 30 02 42 0B 0A 03 42 24 00 
0070  0B 30 A7 00 35 00 A5 00 A0 00 A0 00 A5 00 A5 00 
0080  37 00 00 2F 24 00 A7 00 32 00 17 00 00 00 E8 00 
0090  48 00 0A E0 33 00 43 00 00 E0 12 00 00 00 11 00 
00A0  27 10 08 00 00 65 11 00 03 E8 08 00 00 65 11 00 
00B0  00 64 08 00 00 65 11 00 00 0A 08 00 00 65 0A 30 
00C0  0C 00 B4 00 08 00 00 EF 00 47 B1 00 02 69 E2 00 
00D0  00 65 34 00 22 00 0A 30 0C 00 24 00 A1 00 12 00 
00E0  00 00 09 00 0D 00 11 00 07 80 41 00 0C 00 E1 00 
00F0  01 75 00 03 11 00 07 80 17 00 00 00 41 00 34 00 
0100  E1 00 41 00 0B 30 02 8F 0B 17 03 8F 08 00 00 93 
0110  A7 00 A0 00 A0 00 A0 00 A0 00 37 00 00 7E 08 00 
0120  00 93 A7 00 00 4D 24 00 0B 40 02 98 0A 09 00 9A 
0130  24 00 0B 30 09 00 12 00 00 00 11 00 10 00 08 00 
0140  00 AC 11 00 01 00 08 00 00 AC 11 00 00 10 08 00 
0150  00 AC 08 00 00 B9 09 00 B1 00 02 B0 E2 00 00 AC 
0160  34 00 22 00 08 00 00 B9 24 00 A1 00 12 00 00 00 
0170  09 00 0A 30 36 00 0B 3A 02 C0 0A 41 0C 00 00 C2 
0180  26 00 0C 00 09 00 19 00 01 00 1A 00 00 0A 1B 00 
0190  00 00 2B 00 08 00 00 9B 10 00 00 3E 0C 00 0B 1E 
01A0  0C 00 0C 00 4B 00 08 00 00 9B 10 00 00 20 0C 00 
01B0  EB 00 DA 00 D9 00 2A 00 01 D2 29 00 04 E4 08 00 
01C0  00 EF 1A 00 00 16 00 C9 08 00 00 EF 00 47 08 00 
01D0  00 EC E1 00 01 E7 09 00 41 00 0C 00 09 00 10 00 
01E0  02 8C 0C 00 0B 03 0C 00 09 00 
0200  02 02 03 02 04 02 05 02 06 02 07 02 08 02 0A 02 
0210  0B 02 0C 02 0D 02 0E 02 10 02 11 02 13 02 14 02 
0220  2B 00 2B 00 2B 00 2B 00 2B 00 2B 00 2B 00 2B 00 
0230  2B 00 2B 00 15 02 16 02 17 02 18 02 19 02 1A 02 
0240  1B 02 20 04 40 04 60 04 80 04 A0 04 C0 04 E0 04 
0250  00 05 20 05 40 05 60 05 80 05 A0 05 C0 05 E0 05 
0260  00 06 20 06 60 06 80 06 A0 06 C0 06 E0 06 00 07 
0270  20 07 40 07 60 07 1C 02 1D 02 1E 02 1F 02 21 02 
0280  22 02 2F 02 30 02 31 02 32 02 33 02 34 02 35 02 
0290  36 02 37 02 38 02 39 02 3A 02 3B 02 3C 02 3D 02 
02A0  3E 02 3F 02 40 02 41 02 42 02 43 02 44 02 45 02 
02B0  46 02 47 02 48 02 23 02 24 02 26 02 27 02 29 02 
02C0  11 00 02 49 08 00 00 E7 08 00 00 EF 10 00 00 3E 
02D0  0C 00 1E 00 00 00 0D 00 11 00 07 80 41 00 0B 3A 
02E0  05 69 08 00 01 DD 27 00 3A 00 08 00 01 EE 27 00 
02F0  3B 00 08 00 01 DD 27 00 3D 00 11 00 00 01 37 00 
0300  B1 00 06 B2 27 00 01 A9 08 00 01 DD 27 00 A0 00 
0310  A0 00 A0 00 A0 00 A0 00 A0 00 A0 00 A0 00 5B 00 
0320  08 00 01 DD 4B 00 97 00 5B 00 EB 00 DA 00 DA 00 
0330  2A 00 01 84 08 00 01 DD 2E 00 11 00 00 FF 81 00 
0340  05 C5 08 00 00 EF 10 00 00 3E 0C 00 00 69 07 00 
0350  01 CE 08 00 00 EF 11 00 02 6B 08 00 00 E7 08 00 
0360  00 EF 00 60 08 00 01 DD 2E 00 11 00 00 FF 81 00 
0370  05 C5 08 00 00 EF 11 00 02 7F 08 00 00 E7 08 00 
0380  00 EF 08 00 00 EF 07 00 03 00 08 00 00 EF 11 00 
0390  02 5C 08 00 00 E7 08 00 00 EF 00 60 00 CE 0D 00 
03A0  11 00 07 80 41 00 0B 30 32 00 0B 0A 02 DA 22 00 
03B0  0B 07 00 DB 22 00 37 00 09 00 08 00 01 CF 27 00 
03C0  A0 00 A0 00 A0 00 A0 00 38 00 08 00 01 CF 27 00 
03D0  98 00 37 00 2E 00 A7 00 3E 00 09 00 08 00 01 DD 
03E0  27 00 A0 00 A0 00 A0 00 A0 00 A0 00 A0 00 A0 00 
03F0  A0 00 39 00 08 00 01 DD 27 00 99 00 37 00 09 00 
0400  07 00 00 47 00 00 00 00 00 00 00 00 00 00 00 00 
0410  81 00 00 00 00 00 00 00 00 00 00 00 A1 00 00 00 
0420  00 00 B1 00 00 00 00 00 00 00 00 00 00 00 00 00 
0430  00 00 00 00 00 00 00 00 00 00 00 00 00 00 F1 00 
0440  00 00 00 00 00 00 00 00 91 00 00 00 00 00 C0 00 
0450  00 00 0F 00 00 00 E0 00 00 47 D0 00 00 47 00 00 
0460  00 00 00 00 00 00 00 00 00 00 00 00 00 00 00 00 
0470  00 00 00 00 00 00 00 00 00 00 00 00 00 00 00 00 
0480  00 00 00 00 00 00 00 00 00 00 00 00 00 00 00 00 
0490  00 00 00 53 00 75 00 69 00 74 00 65 00 31 00 36 
04A0  00 20 00 48 00 65 00 78 00 20 00 4C 00 6F 00 61 
04B0  00 64 00 65 00 72 00 00 00 43 00 68 00 65 00 63 
04C0  00 6B 00 73 00 75 00 6D 00 20 00 65 00 72 00 72 
04D0  00 6F 00 72 00 00 00 49 00 6E 00 76 00 61 00 6C 
04E0  00 69 00 64 00 20 00 72 00 65 00 63 00 6F 00 72 
04F0  00 64 00 20 00 74 00 79 00 70 00 65 00 00 00 44 
0500  00 6F 00 6E 00 65 00 20 00 6C 00 6F 00 61 00 64 
0510  00 69 00 6E 00 67 00 00 00 0D 00 0A 00 20 
