
0000  0F 00 10 00 00 3E 0C 00 0D 00 11 00 02 00 41 00 
0010  0C 00 E1 00 01 07 00 40 0F 00 0F 00 0F 00 0F 00 
0020  12 00 00 00 13 00 00 30 11 00 27 10 08 00 00 30 
0030  11 00 03 E8 08 00 00 30 11 00 00 64 08 00 00 30 
0040  11 00 00 0A 08 00 00 30 A3 00 0C 00 B4 00 10 00 
0050  00 0A 0C 00 10 00 00 0D 0C 00 00 00 0F 00 0F 00 
0060  B1 00 02 34 E2 00 00 30 34 00 22 00 A3 00 0C 00 
0070  24 00 A1 00 12 00 00 00 09 00 0F 00 0F 00 0F 00 
0080  11 00 02 00 17 00 00 00 41 00 34 00 E1 00 41 00 
0090  0B 30 02 55 0B 17 03 55 08 00 00 59 A7 00 A0 00 
00A0  A0 00 A0 00 A0 00 37 00 00 44 08 00 00 59 A7 00 
00B0  00 10 24 00 0B 40 02 5E 0A 09 00 60 24 00 0B 30 
00C0  09 00 0F 00 0F 00 0F 00 0F 00 0F 00 12 00 00 00 
00D0  13 00 00 30 11 00 10 00 08 00 00 80 11 00 01 00 
00E0  08 00 00 80 11 00 00 10 08 00 00 80 0A 30 36 00 
00F0  0B 3A 02 7D 0A 41 0C 00 00 7F 26 00 0C 00 09 00 
0100  B1 00 02 84 E2 00 00 80 34 00 22 00 0A 30 36 00 
0110  0B 3A 02 8D 0A 41 0C 00 00 8F 26 00 0C 00 24 00 
0120  A1 00 12 00 00 00 09 00 1D 00 00 0D 19 00 01 00 
0130  1A 00 00 0A 1B 00 00 00 2B 00 08 00 00 66 10 00 
0140  00 3E 0C 00 10 00 00 20 0C 00 0C 00 4B 00 08 00 
0150  00 66 10 00 00 20 0C 00 EB 00 DA 00 D9 00 2A 00 
0160  01 A6 29 00 04 B8 08 00 00 BD 1A 00 00 16 00 9C 
0170  08 00 00 BD 08 00 00 BD 00 00 2D 00 0C 00 0B 03 
0180  0C 00 09 00 
